NP_215496.2	0.000000	0.592105	0.543860	0.594714	0.543860	0.644444	0.622807	
WP_066342679.1	0.592105	0.000000	0.640693	0.436123	0.632035	0.697778	0.696970	
WP_010935447.1	0.543860	0.640693	0.000000	0.647577	0.360169	0.720000	0.668085	
NP_415103.1	0.594714	0.436123	0.647577	0.000000	0.674009	0.684444	0.665198	
WP_019044793.1	0.543860	0.632035	0.360169	0.674009	0.000000	0.684444	0.672340	
NP_459687.1	0.644444	0.697778	0.720000	0.684444	0.684444	0.000000	0.684444	
WP_000166475.1	0.622807	0.696970	0.668085	0.665198	0.672340	0.684444	0.000000	
