NP_215405.1	0.000000	0.821429	0.750000	0.804762	0.777778	0.809524	
WP_066344373.1	0.821429	0.000000	0.759434	0.809524	0.742222	0.790476	
WP_004567424.1	0.750000	0.759434	0.000000	0.785714	0.608491	0.785714	
NP_415068.1	0.804762	0.809524	0.785714	0.000000	0.780952	0.280952	
WP_019044665.1	0.777778	0.742222	0.608491	0.780952	0.000000	0.757143	
NP_459544.1	0.809524	0.790476	0.785714	0.280952	0.757143	0.000000	
